baseMean	log2FoldChange	lfcSE	stat	pvalue	padj	miRNA_id
hsa-mir-106a	381.201642463022	1.36391865638895	0.141388831585088	9.64657986842573	5.08224954412878e-22	6.91361187985795e-21	hsa-mir-106a
hsa-mir-122	1.30031561470724	2.72550796173764	0.744135399099509	3.66265059428139	0.000249618915538773	0.00075749740138497	hsa-mir-122
hsa-mir-1255a	2.93095585043072	1.12844865318077	0.242186493320441	4.65942025795677	3.17101207443796e-06	1.18574811693438e-05	hsa-mir-1255a
hsa-mir-1269a	116.446662317403	3.53262328799894	0.506674003103405	6.97218184939711	3.12062803421015e-12	2.39046166892408e-11	hsa-mir-1269a
hsa-mir-1269b	6.85231001647747	3.28400234941035	0.833988776721482	3.93770568750361	8.22644071786321e-05	0.000260669145638316	hsa-mir-1269b
hsa-mir-1275	2.01689978963983	1.52314930602609	0.3502033361457	4.34932837245272	1.36555106929284e-05	4.70430379379543e-05	hsa-mir-1275
hsa-mir-1291	2.62145213860437	1.87566890178782	0.281191576093716	6.67043062898404	2.55053914117833e-11	1.74989163686061e-10	hsa-mir-1291
hsa-mir-1304	2.92933275882131	2.14311811944517	0.34008102224071	6.30178686633169	2.94233591778941e-10	1.78577156856603e-09	hsa-mir-1304
hsa-mir-137	6.41327637658222	1.52234674860586	0.460139303898784	3.30844754122705	0.000938147585921971	0.00258810645207145	hsa-mir-137
hsa-mir-141	5592.46757824097	1.12583909457812	0.102053989022663	11.0317990052119	2.68440773938194e-28	6.2294050187422e-27	hsa-mir-141
hsa-mir-146b	1046.3101602111	1.11683242653335	0.111503958909562	10.0160786886427	1.29540971777686e-23	1.96553512947297e-22	hsa-mir-146b
hsa-mir-147b	1.61811293871354	1.19844725792194	0.383902423568811	3.12174965393812	0.00179779745042642	0.00469689466353129	hsa-mir-147b
hsa-mir-148a	241556.455065634	1.33881990312382	0.100984063255085	13.2577345372009	4.07006154799977e-40	2.47021427797832e-38	hsa-mir-148a
hsa-mir-153-1	11.3603955948484	1.82310288786806	0.194969256434595	9.35071980684119	8.70532412585207e-21	1.1078226992415e-19	hsa-mir-153-1
hsa-mir-153-2	140.793441906857	2.37547222651267	0.174077737189095	13.6460426523828	2.13142987718929e-42	1.86855352566928e-40	hsa-mir-153-2
hsa-mir-17	2180.68420571339	1.00395953923604	0.0838773044955391	11.9693824840238	5.14098167707559e-33	1.56009020892794e-31	hsa-mir-17
hsa-mir-182	73773.5703615398	1.84883249064227	0.136132735561325	13.5811014376436	5.18409434317132e-42	4.09025043676217e-40	hsa-mir-182
hsa-mir-183	21893.3486395638	1.88166754347925	0.135320439715947	13.90527216309	5.88426091539091e-44	5.80335232780428e-42	hsa-mir-183
hsa-mir-19a	76.661003793169	1.04369653212998	0.128301895458499	8.13469300979719	4.12983521719419e-16	4.02276541526693e-15	hsa-mir-19a
hsa-mir-19b-1	331.50520381928	1.24187096067535	0.10731057625229	11.572680010176	5.66839391572909e-31	1.49078759983675e-29	hsa-mir-19b-1
hsa-mir-19b-2	311.478438295277	1.28133424939183	0.109178846144527	11.7361036010185	8.32335082355589e-32	2.26452544820193e-30	hsa-mir-19b-2
hsa-mir-200c	48337.52176343	1.5160695169683	0.103781044563727	14.6083470574181	2.48473464093141e-48	4.90113907923721e-46	hsa-mir-200c
hsa-mir-20a	980.087382622159	1.62391116469872	0.114352061863196	14.2009784365888	9.03421601572244e-46	1.1879994060675e-43	hsa-mir-20a
hsa-mir-20b	822.923743640328	1.27696900258239	0.148775928797516	8.58316942064161	9.22942710995088e-18	9.97536710924828e-17	hsa-mir-20b
hsa-mir-210	425.670644039594	1.30895503021063	0.226573334281287	5.77718041870534	7.59628188303349e-09	3.99564427047562e-08	hsa-mir-210
hsa-mir-2115	1.67087025893687	1.79079563332922	0.410266850392271	4.36495327764594	1.2714993257523e-05	4.40005687727442e-05	hsa-mir-2115
hsa-mir-25	25197.4133568873	1.01504368233475	0.0803844810538668	12.6273587765598	1.49202645718553e-36	6.19583618273361e-35	hsa-mir-25
hsa-mir-3074	19.6921529062101	1.83485429606641	0.163276748855643	11.2376949499935	2.66243498710081e-29	6.36564001461377e-28	hsa-mir-3074
hsa-mir-3152	1.47680449141904	1.50180454194791	0.477361184690225	3.1460550000991	0.00165488881986732	0.00438156804991717	hsa-mir-3152
hsa-mir-3170	2.0114035109735	1.60804181737754	0.288419988450947	5.57534804024522	2.47035468258528e-08	1.21819365284986e-07	hsa-mir-3170
hsa-mir-3189	0.601834862025309	1.56801871255084	0.383901202004233	4.08443293317313	4.41845852516298e-05	0.000144056354394777	hsa-mir-3189
hsa-mir-3614	2.54705378321791	1.33129388409217	0.258779589861271	5.14450882624036	2.68221643060159e-07	1.1889150358116e-06	hsa-mir-3614
hsa-mir-3651	4.60894147863699	2.69177624200687	0.336822551221281	7.99167464365671	1.33117969799481e-15	1.2808546118511e-14	hsa-mir-3651
hsa-mir-3653	22.4567369964964	1.85908974005609	0.170091681101799	10.9299274838928	8.29146568087565e-28	1.81721289505858e-26	hsa-mir-3653
hsa-mir-3664	1.14932550416063	1.46537466461681	0.312135774318184	4.69467066957549	2.67036582769319e-06	1.02277603788832e-05	hsa-mir-3664
hsa-mir-375	391791.00565075	1.87410750423256	0.133261721379858	14.0633595666266	6.37848163155808e-45	7.18946001042761e-43	hsa-mir-375
hsa-mir-425	416.784459099965	1.16635243382106	0.111304899014861	10.4788957552114	1.07997323471577e-25	1.93658836861532e-24	hsa-mir-425
hsa-mir-4326	7.9807084714688	1.11866966427712	0.203203313304111	5.50517433051369	3.68803135065665e-08	1.79620786152352e-07	hsa-mir-4326
hsa-mir-4449	3.51330625636812	2.07806538104812	0.327431205872358	6.34657095529925	2.20167025735185e-10	1.35712330707079e-09	hsa-mir-4449
hsa-mir-4461	5.17027388602512	1.01705702117502	0.270954227083941	3.75361193704479	0.000174304641430929	0.000539319067015697	hsa-mir-4461
hsa-mir-449a	5.5049947398688	3.55937384471734	0.528465842623256	6.73529594088606	1.63596612382128e-11	1.15247970687053e-10	hsa-mir-449a
hsa-mir-449b	0.78402403320598	1.84525429058974	0.624285413159737	2.95578633056671	0.00311873064670073	0.00791214945417002	hsa-mir-449b
hsa-mir-4501	0.931467558059747	1.28523415255564	0.392620612166943	3.27347600387612	0.00106233410326974	0.00289028140510284	hsa-mir-4501
hsa-mir-4664	0.636634744342334	1.43093436501668	0.395584254914155	3.61726824877598	0.00029772870282237	0.000893186108467109	hsa-mir-4664
hsa-mir-4668	3.52428570914495	1.57349586970568	0.217305471888713	7.24093993597873	4.45585722887006e-13	3.74007590806221e-12	hsa-mir-4668
hsa-mir-4746	5.6913413931753	1.11487468098151	0.172395271060662	6.46696788213645	9.99888908729941e-11	6.36219636280583e-10	hsa-mir-4746
hsa-mir-500a	643.073459140461	1.13411920330249	0.0955476760672079	11.869668106891	1.70141261023637e-32	4.97190573880184e-31	hsa-mir-500a
hsa-mir-548t	1.03782737251582	1.03376373131307	0.317969272003503	3.25114349823613	0.00114941827213686	0.00311646397496901	hsa-mir-548t
hsa-mir-5586	10.8083983275539	1.7825543274994	0.170493767324673	10.4552462853664	1.38638116734294e-25	2.43078831340795e-24	hsa-mir-5586
hsa-mir-5680	3.53219029829952	1.0741745863051	0.245790066084848	4.37029292279978	1.24079974451943e-05	4.31273567588473e-05	hsa-mir-5680
hsa-mir-5683	17.096126760028	1.38273767461083	0.212929331312159	6.49388069783444	8.36530020053161e-11	5.41001791657331e-10	hsa-mir-5683
hsa-mir-5687	4.16581805331089	1.2896804883101	0.2329647857961	5.5359460611308	3.09552829401431e-08	1.51700113290515e-07	hsa-mir-5687
hsa-mir-5694	1.97898535421678	2.70279955826825	0.36530353953816	7.39877736110989	1.37444065095245e-13	1.19168535560602e-12	hsa-mir-5694
hsa-mir-570	1.35159866607457	1.06306369967624	0.289485211525606	3.67225563638925	0.000240419004739567	0.000732396118685399	hsa-mir-570
hsa-mir-5704	0.535776740135556	1.52151662119626	0.374706712267039	4.06055341787402	4.89565343875909e-05	0.000158306170622169	hsa-mir-5704
hsa-mir-5706	3.5479825532034	1.67684386981606	0.264889677066953	6.33034812221929	2.44608686322438e-10	1.49609498843724e-09	hsa-mir-5706
hsa-mir-592	7.5080982880406	1.98283021329251	0.290591820261733	6.82342060250215	8.88978833598649e-12	6.55518037111527e-11	hsa-mir-592
hsa-mir-612	0.881998254211491	1.81374592940263	0.578975314782808	3.13268266037045	0.00173216609693118	0.00454046196172325	hsa-mir-612
hsa-mir-615	5.4116938126591	2.6599389027412	0.306998430214653	8.66434040356943	4.5413457267763e-18	5.11874539775214e-17	hsa-mir-615
hsa-mir-618	1.24473120334904	1.5785946523117	0.350160021573363	4.50820926163602	6.53770784098559e-06	2.36617040666864e-05	hsa-mir-618
hsa-mir-6810	0.755013923977302	1.36859949255935	0.337885349208365	4.05048486347769	5.11116159371945e-05	0.000164600265201822	hsa-mir-6810
hsa-mir-7-1	86.5298791691966	1.1240223618071	0.119960988198094	9.36989915380642	7.26018624879358e-21	9.39063434475104e-20	hsa-mir-7-1
hsa-mir-7-3	1.69830285093013	1.64880744760051	0.354115675978803	4.65612668245506	3.22213716892303e-06	1.19918218220768e-05	hsa-mir-7-3
hsa-mir-708	109.940584067531	1.30172910092914	0.108405765987506	12.0079323186477	3.22815583067378e-33	1.10739780452244e-31	hsa-mir-708
hsa-mir-7705	1.88967365585166	1.34732045192117	0.293355450851375	4.5927916048977	4.3735575287065e-06	1.59756337506918e-05	hsa-mir-7705
hsa-mir-9-1	1283.02312702635	1.21483355051941	0.205112845435074	5.92275704596937	3.16588399061546e-09	1.75907216098281e-08	hsa-mir-9-1
hsa-mir-9-2	1282.73654101069	1.21008904154665	0.204490578467468	5.91757845576813	3.26716027670567e-09	1.80264997085369e-08	hsa-mir-9-2
hsa-mir-9-3	1287.65783443942	1.20171373812785	0.204875692764231	5.8655749831229	4.47578939572082e-09	2.43544678153361e-08	hsa-mir-9-3
hsa-mir-92a-1	16102.1607808158	1.15165397998786	0.0868095686284903	13.2664405339516	3.62389434738733e-40	2.38271053340717e-38	hsa-mir-92a-1
hsa-mir-92a-2	13198.6344550945	1.00107885548837	0.0817448483139342	12.2463846485323	1.75653373660332e-34	6.29956871900008e-33	hsa-mir-92a-2
hsa-mir-93	13446.3126577657	1.71407330304762	0.0972873448962135	17.6186666917079	1.77130611499888e-69	1.39756052473412e-66	hsa-mir-93
hsa-mir-935	2.52938986958031	1.01312057783294	0.303319897550034	3.34010589485254	0.00083746450225631	0.00235985532957224	hsa-mir-935
hsa-mir-96	106.994978411094	1.9002556724426	0.130021490658634	14.61493529121	2.25568613667167e-48	4.90113907923721e-46	hsa-mir-96
