baseMean	log2FoldChange	lfcSE	stat	pvalue	padj	miRNA_id
hsa-mir-10a	18057.7262665706	-1.42452325071354	0.144710130961143	-9.84397734458582	7.27755579493667e-23	1.04399845858273e-21	hsa-mir-10a
hsa-mir-1224	2.86918208449323	-3.90896913183338	0.330419661313859	-11.8303163809624	2.72114195687873e-32	7.667789299919e-31	hsa-mir-1224
hsa-mir-1251	12.5884598690243	-2.94266970906898	0.22861651538689	-12.8716409839817	6.50062005327954e-38	3.0170524835515e-36	hsa-mir-1251
hsa-mir-1258	5.6499586878982	-1.34698199001024	0.195351098267044	-6.8951851408018	5.37946959800769e-12	4.08115530079622e-11	hsa-mir-1258
hsa-mir-1305	0.486242256208092	-1.13752174630702	0.334586066365795	-3.39978815813386	0.000674380790625415	0.00192784943407048	hsa-mir-1305
hsa-mir-133b	100.15811523422	-1.72877391058129	0.182306378086469	-9.48279445144441	2.47562801051506e-21	3.25545083382731e-20	hsa-mir-133b
hsa-mir-135b	4.72510568243521	-1.12717982807979	0.219313477054496	-5.13958304440954	2.75348780935511e-07	1.20694548976732e-06	hsa-mir-135b
hsa-mir-136	138.611830629024	-1.1120862775287	0.121087191436538	-9.18417765194882	4.14683614656596e-20	5.19341860260403e-19	hsa-mir-136
hsa-mir-143	1611575.221247	-1.28845871949716	0.124329367098165	-10.3632693511571	3.64293098738387e-25	6.24841858488233e-24	hsa-mir-143
hsa-mir-184	12.4118429919903	-2.67853897896939	0.308523396996698	-8.68180178567806	3.89547868883602e-18	4.45439519636466e-17	hsa-mir-184
hsa-mir-187	44.1745720012827	-2.492949413957	0.249174213829924	-10.0048451067195	1.45118607210476e-23	2.16035058658614e-22	hsa-mir-187
hsa-mir-203b	8.32449503551328	-1.58290406833126	0.23297321093939	-6.7943608707143	1.08793749460025e-11	7.87507048843664e-11	hsa-mir-203b
hsa-mir-204	100.280653616862	-1.96883981395558	0.145289169456011	-13.5511808714116	7.79657063199274e-42	5.59226748058389e-40	hsa-mir-204
hsa-mir-205	3611.88049242369	-1.06326598806363	0.220442854157445	-4.82331800741529	1.41189593185592e-06	5.8630836328122e-06	hsa-mir-205
hsa-mir-221	913.252975348719	-1.54523393883918	0.119730316791629	-12.9059538155938	4.16624576867212e-38	2.05447994467644e-36	hsa-mir-221
hsa-mir-222	214.41044166256	-1.22305028279357	0.111152102198703	-11.0033931756609	3.68017930683343e-28	8.2961756374045e-27	hsa-mir-222
hsa-mir-23c	3.96418814826395	-3.1277958728375	0.260566150816007	-12.0038457145807	3.3916283833491e-33	1.11499783102602e-31	hsa-mir-23c
hsa-mir-27b	6836.27608267834	-1.03431994344255	0.0715798903535068	-14.4498676700177	2.51167949671421e-47	3.96343024581502e-45	hsa-mir-27b
hsa-mir-296	4.29213256919608	-1.13202160822627	0.165815525607246	-6.82699405909435	8.67122850067941e-12	6.45433895003402e-11	hsa-mir-296
hsa-mir-3154	0.260901905881532	-1.11552875084446	0.435955443048872	-2.55881367839558	0.010503001727458	0.0245901138366894	hsa-mir-3154
hsa-mir-3193	0.605457024245008	-1.07261383519823	0.285326481372226	-3.75925091158622	0.000170422856800263	0.000531476814290147	hsa-mir-3193
hsa-mir-323a	4.3761965885698	-1.07864387554969	0.150595275539965	-7.16253462588497	7.91988546501716e-13	6.44205116690571e-12	hsa-mir-323a
hsa-mir-323b	4.40813659901181	-2.4962929279979	0.208299936092693	-11.9841271909323	4.30353076762604e-33	1.35819431026278e-31	hsa-mir-323b
hsa-mir-326	10.6267899162668	-1.09193203437454	0.14022339192962	-7.78708901095899	6.85706468055068e-15	6.36496945053469e-14	hsa-mir-326
hsa-mir-3622a	0.989854558122467	-1.07686636459168	0.203977194540829	-5.27934687510438	1.29645169758232e-07	6.05266502599083e-07	hsa-mir-3622a
hsa-mir-378c	27.8182815760732	-1.20371894810079	0.106127773355806	-11.3421671824319	8.11105605560323e-30	1.99988225870967e-28	hsa-mir-378c
hsa-mir-378d-1	1.36336464534762	-2.084102142804	0.191864613364412	-10.8623581298216	1.74191992693297e-27	3.7145265468922e-26	hsa-mir-378d-1
hsa-mir-378d-2	1.87134007387697	-1.86865904719679	0.177755024774895	-10.5125525962668	7.56186194835753e-26	1.42054978029859e-24	hsa-mir-378d-2
hsa-mir-378f	0.165035073541544	-1.19252759250716	0.589552555596586	-2.02276723455199	0.0430971512873197	0.0869658628278651	hsa-mir-378f
hsa-mir-381	173.818919491631	-1.00322404399335	0.0986450797266215	-10.1700363238959	2.69808033145539e-24	4.25757076303661e-23	hsa-mir-381
hsa-mir-3943	1.05140657807446	-1.03451635502922	0.246014580529211	-4.2051017984537	2.60964671180797e-05	8.65130779670793e-05	hsa-mir-3943
hsa-mir-4443	0.630464830188858	-1.08715043430663	0.299157334635516	-3.63404238652943	0.000279014993950126	0.000843459119642334	hsa-mir-4443
hsa-mir-450b	24.1318681709875	-1.28704101439809	0.14947437629327	-8.61044579221325	7.27770073230641e-18	8.08747306730952e-17	hsa-mir-450b
hsa-mir-451a	451.661799129386	-1.01136120060345	0.175160929409491	-5.77389720420523	7.74587031092471e-09	4.0473454803441e-08	hsa-mir-451a
hsa-mir-4705	0.178010428834516	-1.13455764361988	0.574471562377127	-1.97495875848955	0.0482728284028094	0.096179953560143	hsa-mir-4705
hsa-mir-4770	1.21773525809429	-1.46041924188915	0.303583365469018	-4.81060363644394	1.50475155967623e-06	6.15154912219971e-06	hsa-mir-4770
hsa-mir-4786	3.16669719882961	-1.04303887144511	0.148283127551954	-7.03410353332114	2.0054617558326e-12	1.56664289638804e-11	hsa-mir-4786
hsa-mir-486-1	61.3613461007469	-1.13728120185614	0.180896764692654	-6.28690736281765	3.23852488971194e-10	1.95053140304025e-09	hsa-mir-486-1
hsa-mir-486-2	61.2372292176251	-1.14556582485523	0.180297449768191	-6.35375501055665	2.10121391700016e-10	1.30539982717569e-09	hsa-mir-486-2
hsa-mir-488	1.13342277218811	-1.96644331755705	0.295182269704593	-6.66179347263978	2.70505985364811e-11	1.83990709011066e-10	hsa-mir-488
hsa-mir-490	7.19175299906213	-2.82026403940432	0.485801347958936	-5.80538537254678	6.42181265057000e-09	3.42352039277009e-08	hsa-mir-490
hsa-mir-496	5.47900363684533	-1.13779312191288	0.111489324370235	-10.2053997397499	1.87547266422358e-24	3.01989373892328e-23	hsa-mir-496
hsa-mir-508	15.391559189132	-1.00850332690525	0.245268080493704	-4.11184090842648	3.9251674849082e-05	0.000129039881066357	hsa-mir-508
hsa-mir-509-3	1.24669750365235	-1.00966657711058	0.350702792639541	-2.87898071615398	0.00398962728535597	0.00993001870077559	hsa-mir-509-3
hsa-mir-514a-1	1.97409951917069	-1.4667531750495	0.314338713438672	-4.66615504976822	3.06888162116944e-06	1.15302266623938e-05	hsa-mir-514a-1
hsa-mir-514a-2	2.04543466720783	-1.34488117469529	0.300325049513986	-4.47808525086968	7.53155259555215e-06	2.68886651488265e-05	hsa-mir-514a-2
hsa-mir-514a-3	1.98327693671089	-1.49663981093596	0.290220644427664	-5.15690334120593	2.51067322534296e-07	1.11916450553423e-06	hsa-mir-514a-3
hsa-mir-541	0.956471899763338	-1.17525110138428	0.236800774202277	-4.96303741127288	6.93992079134071e-07	2.9438696260042e-06	hsa-mir-541
hsa-mir-551b	1.35959111771649	-1.2858398774966	0.269382435173062	-4.77328774858881	1.81242546960058e-06	7.18594821866762e-06	hsa-mir-551b
hsa-mir-552	0.387620243842126	-1.06660323282843	0.33313386352542	-3.20172564128127	0.00136607039427164	0.00366608687442288	hsa-mir-552
hsa-mir-585	0.90517723540459	-1.37989467273342	0.265349227085199	-5.20029655971208	1.98970797972765e-07	8.91977043184724e-07	hsa-mir-585
hsa-mir-6499	0.555680850588569	-1.38123508444652	0.311669087752354	-4.43173589786364	9.34774701850253e-06	3.30734188233116e-05	hsa-mir-6499
hsa-mir-6510	25.7047899342365	-1.50552772722892	0.250673933230091	-6.00592055116881	1.90249341566918e-09	1.07990453594459e-08	hsa-mir-6510
hsa-mir-652	44.7704727440904	-1.2378990529967	0.0965467772963373	-12.8217542590483	1.23865942646244e-37	5.42945715266036e-36	hsa-mir-652
hsa-mir-6718	1.77156608372909	-2.9396320546783	0.294089837870922	-9.99569409116586	1.59168221680237e-23	2.3256245723279e-22	hsa-mir-6718
hsa-mir-675	16.017725238198	-1.32638186751364	0.283739539012655	-4.67464588167419	2.94461263606458e-06	1.11162649275356e-05	hsa-mir-675
hsa-mir-6761	2.37927191471866	-1.26051023272668	0.14832038825623	-8.49856346484945	1.91951295315118e-17	2.01932762671505e-16	hsa-mir-6761
hsa-mir-6843	0.290850238208191	-2.28042780254906	0.433295863224019	-5.26298078541787	1.41738396774792e-07	6.54012482131076e-07	hsa-mir-6843
hsa-mir-760	1.92153090026616	-1.28324120027622	0.161442109368753	-7.94861517415598	1.88607940928407e-15	1.7929116312351e-14	hsa-mir-760
hsa-mir-873	0.968632860443634	-2.96939068708063	0.325994998680179	-9.10870013068447	8.33748770222009e-20	1.02785590578932e-18	hsa-mir-873
hsa-mir-876	0.272382555931144	-1.55352337729224	0.44798753356016	-3.46778260757924	0.000524771627742629	0.00153349931218124	hsa-mir-876
hsa-mir-888	0.568242185869339	-4.24013125086676	0.71532780324877	-5.92753592354381	3.07514091136482e-09	1.72077033976372e-08	hsa-mir-888
hsa-mir-889	53.3894763311904	-1.27716316534482	0.0985527837072117	-12.9591790033969	2.08466728066833e-38	1.09653498963154e-36	hsa-mir-889
hsa-mir-891a	41.42296315679	-3.93180209450325	0.237389115914618	-16.5626889815681	1.29667196196453e-61	5.11537088995008e-59	hsa-mir-891a
hsa-mir-891b	0.185737986098755	-2.64519588889496	1.10729808391229	-2.3888742582747	0.0169000853957022	0.0375610348653775	hsa-mir-891b
hsa-mir-892a	1.91209859900172	-5.45600280669394	0.438691626406061	-12.4369887143543	1.64592750414899e-35	6.18398476558833e-34	hsa-mir-892a
hsa-mir-892b	0.164502126683381	-2.69229539839244	1.33457146679415	-2.01734823902668	0.0436591848322144	0.0878752470219825	hsa-mir-892b
hsa-mir-944	7.5351638335719	-1.01596440497124	0.194866855389451	-5.21363370359103	1.85176949817929e-07	8.3968168624337e-07	hsa-mir-944
